Id, Insult
1, 0.257566
2, 0.990373
3, 0.298060
4, 0.318122
5, 0.583554
6, 0.157299
7, 0.545113
8, 0.299387
9, 0.346363
10, 0.263777
11, 0.393634
12, 0.826519
13, 0.376218
14, 0.336919
15, 0.551572
16, 0.919369
17, 0.314200
18, 0.740293
19, 0.400481
20, 0.246674
21, 0.366828
22, 0.593635
23, 0.469895
24, 0.112834
25, 0.264916
26, 0.643520
27, 0.295373
28, 0.408711
29, 0.171365
30, 0.267062
31, 0.385029
32, 0.187075
33, 0.306904
34, 0.225038
35, 0.710938
36, 0.054289
37, 0.455894
38, 0.781098
39, 0.181797
40, 0.471134
41, 0.684963
42, 0.039331
43, 0.161943
44, 0.334359
45, 0.388220
46, 0.153369
47, 0.206127
48, 0.425044
49, 0.337484
50, 0.190645
51, 0.269058
52, 0.359568
53, 0.250954
54, 0.614048
55, 0.337953
56, 0.433639
57, 0.308686
58, 0.251198
59, 0.315072
60, 0.253509
61, 0.488804
62, 0.157257
63, 0.184736
64, 0.423719
65, 0.521478
66, 0.414242
67, 0.327161
68, 0.225660
69, 0.316370
70, 0.899368
71, 0.316745
72, 0.163086
73, 0.123719
74, 0.595956
75, 0.909873
76, 0.690467
77, 0.517295
78, 0.427831
79, 0.333821
80, 0.441883
81, 0.931428
82, 0.180174
83, 0.365124
84, 0.514744
85, 0.201658
86, 0.289512
87, 0.238835
88, 0.267647
89, 0.298929
90, 0.261289
91, 0.341014
92, 0.406464
93, 0.319254
94, 0.369731
95, 0.413352
96, 0.223230
97, 0.623615
98, 0.679340
99, 0.173307
100, 0.385732
101, 0.152559
102, 0.631678
103, 0.201583
104, 0.203250
105, 0.485361
106, 0.906686
107, 0.608011
108, 0.292993
109, 0.703500
110, 0.476597
111, 0.278131
112, 0.326655
113, 0.384004
114, 0.245185
115, 0.483781
116, 0.705340
117, 0.185864
118, 0.501094
119, 0.950956
120, 0.227259
121, 0.317454
122, 0.349820
123, 0.342606
124, 0.295003
125, 0.313092
126, 0.262848
127, 0.598259
128, 0.449289
129, 0.299848
130, 0.328855
131, 0.343894
132, 0.246233
133, 0.331692
134, 0.384794
135, 0.313355
136, 0.176915
137, 0.320288
138, 0.504997
139, 0.240486
140, 0.492547
141, 0.483024
142, 0.831743
143, 0.350659
144, 0.289238
145, 0.518819
146, 0.126505
147, 0.253458
148, 0.976770
149, 0.315188
150, 0.483490
151, 0.505598
152, 0.340123
153, 0.229102
154, 0.354074
155, 0.451182
156, 0.153960
157, 0.856331
158, 0.759976
159, 0.252173
160, 0.707398
161, 0.254138
162, 0.235548
163, 0.633296
164, 0.526451
165, 0.689336
166, 0.477862
167, 0.157667
168, 0.454889
169, 0.654328
170, 0.168239
171, 0.180935
172, 0.313907
173, 0.349038
174, 0.424624
175, 0.531691
176, 0.589674
177, 0.446773
178, 0.291066
179, 0.555952
180, 0.687363
181, 0.145130
182, 0.186107
183, 0.440399
184, 0.206373
185, 0.202698
186, 0.471871
187, 0.239388
188, 0.153604
189, 0.906077
190, 0.599734
191, 0.445331
192, 0.768514
193, 0.285630
194, 0.125388
195, 0.450307
196, 0.371009
197, 0.276203
198, 0.246788
199, 0.350249
200, 0.618735
201, 0.553250
202, 0.289886
203, 0.489517
204, 0.117037
205, 0.743233
206, 0.463769
207, 0.204709
208, 0.925171
209, 0.290276
210, 0.151617
211, 0.184748
212, 0.216757
213, 0.301633
214, 0.304829
215, 0.320893
216, 0.223817
217, 0.728969
218, 0.723475
219, 0.310641
220, 0.579731
221, 0.227200
222, 0.523451
223, 0.472239
224, 0.481835
225, 0.751005
226, 0.128660
227, 0.442635
228, 0.216261
229, 0.452407
230, 0.162588
231, 0.412891
232, 0.175440
233, 0.179467
234, 0.156902
235, 0.330378
236, 0.297032
237, 0.430070
238, 0.691934
239, 0.079693
240, 0.947332
241, 0.282834
242, 0.530385
243, 0.596964
244, 0.474908
245, 0.650992
246, 0.156682
247, 0.472047
248, 0.354468
249, 0.834402
250, 0.407483
251, 0.589738
252, 0.709689
253, 0.217735
254, 0.405467
255, 0.089714
256, 0.362812
257, 0.327732
258, 0.243210
259, 0.503225
260, 0.928498
261, 0.373014
262, 0.213001
263, 0.230166
264, 0.065124
265, 0.151010
266, 0.118932
267, 0.409354
268, 0.911881
269, 0.465499
270, 0.682617
271, 0.225448
272, 0.170836
273, 0.425976
274, 0.458610
275, 0.088494
276, 0.317633
277, 0.205877
278, 0.321943
279, 0.522424
280, 0.693223
281, 0.122499
282, 0.227516
283, 0.397873
284, 0.083788
285, 0.193606
286, 0.560121
287, 0.534704
288, 0.243144
289, 0.564045
290, 0.202157
291, 0.552983
292, 0.571986
293, 0.331948
294, 0.373142
295, 0.273793
296, 0.914101
297, 0.297559
298, 0.432451
299, 0.178917
300, 0.383556
301, 0.327612
302, 0.122546
303, 0.312582
304, 0.169501
305, 0.738106
306, 0.529989
307, 0.832584
308, 0.340161
309, 0.976072
310, 0.608239
311, 0.165519
312, 0.197878
313, 0.193663
314, 0.451150
315, 0.761815
316, 0.405874
317, 0.918256
318, 0.222893
319, 0.625295
320, 0.973969
321, 0.241848
322, 0.152071
323, 0.140134
324, 0.242041
325, 0.700290
326, 0.765831
327, 0.252455
328, 0.253419
329, 0.733540
330, 0.455297
331, 0.134321
332, 0.283966
333, 0.740629
334, 0.356364
335, 0.685765
336, 0.598722
337, 0.542403
338, 0.200031
339, 0.350734
340, 0.167055
341, 0.681278
342, 0.339860
343, 0.478213
344, 0.734364
345, 0.487778
346, 0.664007
347, 0.387776
348, 0.262717
349, 0.252068
350, 0.261930
351, 0.343419
352, 0.143142
353, 0.247372
354, 0.283106
355, 0.071793
356, 0.630183
357, 0.214318
358, 0.390967
359, 0.197175
360, 0.332961
361, 0.225306
362, 0.298998
363, 0.256740
364, 0.225851
365, 0.208014
366, 0.412500
367, 0.465789
368, 0.207150
369, 0.415064
370, 0.366970
371, 0.323633
372, 0.321776
373, 0.182565
374, 0.458200
375, 0.187254
376, 0.472816
377, 0.156868
378, 0.407901
379, 0.404070
380, 0.434339
381, 0.268223
382, 0.270756
383, 0.524790
384, 0.168485
385, 0.211005
386, 0.671713
387, 0.473393
388, 0.822073
389, 0.313542
390, 0.268966
391, 0.332784
392, 0.472422
393, 0.241728
394, 0.218295
395, 0.187888
396, 0.987699
397, 0.216681
398, 0.110846
399, 0.271122
400, 0.406041
401, 0.226904
402, 0.106292
403, 0.449074
404, 0.170660
405, 0.553455
406, 0.538189
407, 0.199826
408, 0.120724
409, 0.190697
410, 0.482243
411, 0.237908
412, 0.244596
413, 0.457106
414, 0.254326
415, 0.742331
416, 0.792941
417, 0.402458
418, 0.325081
419, 0.366342
420, 0.321289
421, 0.491300
422, 0.208623
423, 0.543400
424, 0.611807
425, 0.424093
426, 0.317397
427, 0.148586
428, 0.322205
429, 0.081173
430, 0.854628
431, 0.260077
432, 0.368999
433, 0.433652
434, 0.400142
435, 0.401859
436, 0.141119
437, 0.387833
438, 0.336917
439, 0.668492
440, 0.267718
441, 0.373260
442, 0.424460
443, 0.693394
444, 0.229248
445, 0.270971
446, 0.531440
447, 0.576412
448, 0.395217
449, 0.812430
450, 0.164323
451, 0.214529
452, 0.392609
453, 0.083375
454, 0.129066
455, 0.334294
456, 0.408037
457, 0.118722
458, 0.178701
459, 0.367503
460, 0.218855
461, 0.273509
462, 0.316495
463, 0.225512
464, 0.480550
465, 0.428897
466, 0.597162
467, 0.661024
468, 0.132543
469, 0.536480
470, 0.701094
471, 0.461357
472, 0.650951
473, 0.379120
474, 0.891486
475, 0.641888
476, 0.615065
477, 0.470593
478, 0.236753
479, 0.238415
480, 0.215085
481, 0.292409
482, 0.526371
483, 0.259319
484, 0.093654
485, 0.305777
486, 0.094090
487, 0.491160
488, 0.570714
489, 0.230218
490, 0.258295
491, 0.300115
492, 0.933440
493, 0.547779
494, 0.681412
495, 0.628011
496, 0.287026
497, 0.203261
498, 0.846416
499, 0.243807
500, 0.284549
501, 0.275580
502, 0.399127
503, 0.452558
504, 0.227329
505, 0.322482
506, 0.142600
507, 0.388388
508, 0.550769
509, 0.536242
510, 0.206791
511, 0.438471
512, 0.476646
513, 0.643464
514, 0.726818
515, 0.363885
516, 0.391143
517, 0.205703
518, 0.162764
519, 0.241730
520, 0.234059
521, 0.333932
522, 0.250599
523, 0.251888
524, 0.077792
525, 0.440105
526, 0.464273
527, 0.397356
528, 0.333727
529, 0.164287
530, 0.237207
531, 0.786089
532, 0.409164
533, 0.390404
534, 0.286511
535, 0.549921
536, 0.143338
537, 0.315810
538, 0.200482
539, 0.985954
540, 0.567197
541, 0.268042
542, 0.150924
543, 0.117183
544, 0.486415
545, 0.839910
546, 0.900374
547, 0.185643
548, 0.424663
549, 0.473333
550, 0.987699
551, 0.449235
552, 0.106093
553, 0.137567
554, 0.327273
555, 0.852586
556, 0.499847
557, 0.310543
558, 0.148826
559, 0.492235
560, 0.244265
561, 0.642016
562, 0.299514
563, 0.117344
564, 0.344312
565, 0.297909
566, 0.273680
567, 0.966332
568, 0.720788
569, 0.292856
570, 0.296888
571, 0.309137
572, 0.198102
573, 0.442418
574, 0.262691
575, 0.219322
576, 0.770192
577, 0.406440
578, 0.218450
579, 0.555256
580, 0.278810
581, 0.184279
582, 0.925149
583, 0.323329
584, 0.505496
585, 0.303620
586, 0.203448
587, 0.088806
588, 0.848300
589, 0.226165
590, 0.250180
591, 0.426365
592, 0.987678
593, 0.533853
594, 0.511133
595, 0.148414
596, 0.176575
597, 0.936403
598, 0.354352
599, 0.338496
600, 0.430538
601, 0.356067
602, 0.202691
603, 0.341768
604, 0.298880
605, 0.706187
606, 0.689519
607, 0.942620
608, 0.304174
609, 0.067810
610, 0.318126
611, 0.928498
612, 0.404420
613, 0.395555
614, 0.158466
615, 0.264824
616, 0.351522
617, 0.108381
618, 0.439319
619, 0.126507
620, 0.288897
621, 0.786749
622, 0.478160
623, 0.732009
624, 0.701313
625, 0.215986
626, 0.444359
627, 0.279197
628, 0.362907
629, 0.257214
630, 0.210588
631, 0.330218
632, 0.318002
633, 0.260797
634, 0.474557
635, 0.271007
636, 0.139217
637, 0.663293
638, 0.203833
639, 0.408121
640, 0.309404
641, 0.379285
642, 0.278857
643, 0.373310
644, 0.295067
645, 0.304342
646, 0.314040
647, 0.226220
648, 0.591502
649, 0.310294
650, 0.373958
651, 0.739359
652, 0.240449
653, 0.265080
654, 0.213313
655, 0.712922
656, 0.225992
657, 0.116479
658, 0.303773
659, 0.621408
660, 0.936831
661, 0.259558
662, 0.286756
663, 0.260363
664, 0.741811
665, 0.186615
666, 0.449338
667, 0.345696
668, 0.276967
669, 0.838117
670, 0.500139
671, 0.589565
672, 0.559849
673, 0.233600
674, 0.351131
675, 0.555061
676, 0.149289
677, 0.258582
678, 0.230423
679, 0.691953
680, 0.219445
681, 0.318024
682, 0.083406
683, 0.849697
684, 0.147074
685, 0.317382
686, 0.445249
687, 0.145972
688, 0.405396
689, 0.746664
690, 0.452953
691, 0.352007
692, 0.434621
693, 0.141124
694, 0.835711
695, 0.311040
696, 0.276940
697, 0.143161
698, 0.160889
699, 0.393085
700, 0.987699
701, 0.302476
702, 0.761223
703, 0.462766
704, 0.472279
705, 0.265217
706, 0.437024
707, 0.305722
708, 0.644086
709, 0.259247
710, 0.288934
711, 0.685217
712, 0.060654
713, 0.214489
714, 0.594096
715, 0.470699
716, 0.298001
717, 0.223292
718, 0.158205
719, 0.511218
720, 0.129732
721, 0.870155
722, 0.411182
723, 0.660976
724, 0.510942
725, 0.767689
726, 0.232361
727, 0.257672
728, 0.525844
729, 0.261321
730, 0.338086
731, 0.686720
732, 0.320439
733, 0.106704
734, 0.346050
735, 0.122190
736, 0.293982
737, 0.170113
738, 0.207962
739, 0.339283
740, 0.774706
741, 0.750061
742, 0.292521
743, 0.376733
744, 0.125916
745, 0.671696
746, 0.469236
747, 0.449939
748, 0.365774
749, 0.439231
750, 0.780662
751, 0.935996
752, 0.313864
753, 0.301026
754, 0.343053
755, 0.265480
756, 0.483540
757, 0.238523
758, 0.216544
759, 0.464000
760, 0.819819
761, 0.249515
762, 0.302995
763, 0.350303
764, 0.493951
765, 0.427105
766, 0.334886
767, 0.157139
768, 0.274028
769, 0.429577
770, 0.582257
771, 0.457957
772, 0.608356
773, 0.655263
774, 0.708124
775, 0.826026
776, 0.111914
777, 0.876593
778, 0.587490
779, 0.348643
780, 0.503198
781, 0.232246
782, 0.403896
783, 0.339546
784, 0.240824
785, 0.097675
786, 0.551105
787, 0.588713
788, 0.405927
789, 0.353503
790, 0.548588
791, 0.553312
792, 0.132509
793, 0.645637
794, 0.283880
795, 0.216251
796, 0.241391
797, 0.234332
798, 0.452245
799, 0.320895
800, 0.226110
801, 0.360866
802, 0.375094
803, 0.388637
804, 0.503744
805, 0.517138
806, 0.392486
807, 0.286489
808, 0.545730
809, 0.935003
810, 0.233012
811, 0.630725
812, 0.128742
813, 0.409770
814, 0.114398
815, 0.202401
816, 0.393529
817, 0.359320
818, 0.815800
819, 0.502612
820, 0.217020
821, 0.210478
822, 0.151385
823, 0.193760
824, 0.192768
825, 0.158087
826, 0.525119
827, 0.213003
828, 0.103845
829, 0.351405
830, 0.141260
831, 0.758597
832, 0.847850
833, 0.567360
834, 0.230173
835, 0.482432
836, 0.512242
837, 0.293539
838, 0.215942
839, 0.262141
840, 0.274015
841, 0.383630
842, 0.987699
843, 0.534598
844, 0.294619
845, 0.179670
846, 0.329400
847, 0.307631
848, 0.242874
849, 0.427979
850, 0.222840
851, 0.435630
852, 0.912866
853, 0.230608
854, 0.058462
855, 0.816228
856, 0.123084
857, 0.247379
858, 0.737442
859, 0.561318
860, 0.586818
861, 0.710745
862, 0.126427
863, 0.334554
864, 0.223025
865, 0.783607
866, 0.304942
867, 0.170129
868, 0.180555
869, 0.644333
870, 0.247458
871, 0.568071
872, 0.438214
873, 0.548702
874, 0.244311
875, 0.421824
876, 0.073965
877, 0.378590
878, 0.357347
879, 0.373995
880, 0.384337
881, 0.286050
882, 0.458610
883, 0.527180
884, 0.278382
885, 0.794547
886, 0.262659
887, 0.129615
888, 0.293403
889, 0.278363
890, 0.419418
891, 0.179157
892, 0.674279
893, 0.272801
894, 0.321337
895, 0.171934
896, 0.386082
897, 0.249220
898, 0.358408
899, 0.235713
900, 0.194038
901, 0.486466
902, 0.234841
903, 0.529809
904, 0.942348
905, 0.205428
906, 0.445517
907, 0.076060
908, 0.228988
909, 0.237481
910, 0.190224
911, 0.971556
912, 0.458905
913, 0.318530
914, 0.282500
915, 0.220757
916, 0.242665
917, 0.397737
918, 0.673113
919, 0.219889
920, 0.273277
921, 0.301146
922, 0.238048
923, 0.477076
924, 0.066776
925, 0.369935
926, 0.488466
927, 0.478599
928, 0.263374
929, 0.778290
930, 0.377660
931, 0.431415
932, 0.208937
933, 0.521334
934, 0.457468
935, 0.347199
936, 0.285485
937, 0.284680
938, 0.345218
939, 0.492828
940, 0.796886
941, 0.241721
942, 0.256462
943, 0.376764
944, 0.533238
945, 0.396147
946, 0.553426
947, 0.180563
948, 0.170536
949, 0.278366
950, 0.462342
951, 0.381589
952, 0.391367
953, 0.335206
954, 0.603362
955, 0.295121
956, 0.395310
957, 0.437142
958, 0.654485
959, 0.332568
960, 0.859569
961, 0.556733
962, 0.378365
963, 0.152358
964, 0.332853
965, 0.531257
966, 0.184754
967, 0.182111
968, 0.310950
969, 0.459761
970, 0.129655
971, 0.244197
972, 0.607718
973, 0.393002
974, 0.245614
975, 0.544032
976, 0.357299
977, 0.243141
978, 0.425983
979, 0.545883
980, 0.486189
981, 0.065426
982, 0.361664
983, 0.231934
984, 0.637602
985, 0.586458
986, 0.333346
987, 0.274026
988, 0.210191
989, 0.281035
990, 0.309771
991, 0.744324
992, 0.365362
993, 0.543530
994, 0.034766
995, 0.616564
996, 0.298205
997, 0.156814
998, 0.182966
999, 0.495248
1000, 0.437590
1001, 0.383332
1002, 0.386842
1003, 0.268514
1004, 0.718113
1005, 0.325392
1006, 0.122859
1007, 0.346360
1008, 0.648958
1009, 0.343299
1010, 0.683303
1011, 0.274215
1012, 0.564614
1013, 0.213089
1014, 0.360366
1015, 0.560955
1016, 0.471412
1017, 0.314618
1018, 0.588509
1019, 0.659359
1020, 0.395249
1021, 0.374099
1022, 0.251880
1023, 0.666024
1024, 0.411308
1025, 0.219370
1026, 0.328362
1027, 0.366517
1028, 0.361215
1029, 0.080978
1030, 0.174321
1031, 0.737295
1032, 0.549570
1033, 0.333861
1034, 0.917933
1035, 0.309485
1036, 0.633125
1037, 0.896705
1038, 0.233135
1039, 0.191392
1040, 0.717429
1041, 0.329702
1042, 0.625298
1043, 0.428950
1044, 0.253289
1045, 0.125718
1046, 0.666705
1047, 0.686444
1048, 0.439212
1049, 0.117160
1050, 0.298036
1051, 0.432957
1052, 0.423451
1053, 0.339035
1054, 0.410221
1055, 0.206089
1056, 0.276859
1057, 0.436369
1058, 0.621947
1059, 0.472243
1060, 0.215221
1061, 0.758934
1062, 0.361395
1063, 0.524943
1064, 0.483387
1065, 0.368361
1066, 0.347697
1067, 0.226167
1068, 0.152892
1069, 0.200317
1070, 0.217069
1071, 0.232296
1072, 0.435989
1073, 0.618373
1074, 0.236310
1075, 0.147457
1076, 0.242927
1077, 0.789052
1078, 0.628169
1079, 0.102044
1080, 0.195452
1081, 0.314658
1082, 0.305831
1083, 0.136387
1084, 0.132219
1085, 0.162020
1086, 0.330854
1087, 0.267317
1088, 0.106583
1089, 0.097111
1090, 0.138750
1091, 0.100113
1092, 0.626242
1093, 0.785994
1094, 0.136692
1095, 0.121064
1096, 0.209273
1097, 0.423555
1098, 0.213238
1099, 0.545448
1100, 0.312954
1101, 0.542637
1102, 0.602967
1103, 0.299755
1104, 0.330844
1105, 0.239570
1106, 0.354803
1107, 0.269014
1108, 0.221544
1109, 0.154737
1110, 0.237526
1111, 0.498080
1112, 0.874203
1113, 0.778222
1114, 0.707696
1115, 0.593782
1116, 0.293737
1117, 0.507467
1118, 0.262538
1119, 0.366556
1120, 0.421124
1121, 0.318431
1122, 0.219208
1123, 0.235651
1124, 0.412891
1125, 0.366870
1126, 0.421244
1127, 0.171460
1128, 0.192823
1129, 0.513706
1130, 0.377312
1131, 0.447779
1132, 0.439736
1133, 0.071408
1134, 0.214439
1135, 0.370296
1136, 0.245626
1137, 0.216375
1138, 0.107675
1139, 0.293763
1140, 0.165016
1141, 0.215928
1142, 0.160138
1143, 0.324182
1144, 0.461844
1145, 0.276649
1146, 0.342289
1147, 0.218737
1148, 0.110419
1149, 0.169978
1150, 0.106572
1151, 0.308780
1152, 0.772915
1153, 0.632569
1154, 0.462148
1155, 0.298209
1156, 0.294205
1157, 0.215226
1158, 0.277561
1159, 0.114529
1160, 0.054481
1161, 0.537964
1162, 0.447584
1163, 0.597162
1164, 0.342941
1165, 0.128442
1166, 0.215903
1167, 0.309942
1168, 0.379909
1169, 0.630702
1170, 0.361464
1171, 0.279050
1172, 0.306940
1173, 0.439461
1174, 0.363872
1175, 0.212737
1176, 0.770865
1177, 0.410113
1178, 0.529073
1179, 0.365840
1180, 0.222280
1181, 0.262396
1182, 0.166362
1183, 0.248023
1184, 0.596770
1185, 0.301029
1186, 0.539739
1187, 0.113023
1188, 0.072719
1189, 0.115945
1190, 0.377447
1191, 0.304618
1192, 0.303509
1193, 0.405072
1194, 0.705333
1195, 0.595748
1196, 0.323178
1197, 0.176700
1198, 0.553101
1199, 0.285748
1200, 0.409597
1201, 0.413449
1202, 0.226906
1203, 0.463351
1204, 0.251398
1205, 0.455444
1206, 0.456592
1207, 0.253803
1208, 0.532949
1209, 0.691942
1210, 0.102311
1211, 0.398398
1212, 0.149148
1213, 0.378007
1214, 0.512510
1215, 0.355138
1216, 0.176115
1217, 0.186239
1218, 0.388311
1219, 0.928498
1220, 0.240843
1221, 0.892461
1222, 0.238806
1223, 0.956492
1224, 0.334058
1225, 0.412318
1226, 0.263315
1227, 0.285814
1228, 0.130394
1229, 0.362021
1230, 0.382948
1231, 0.197562
1232, 0.177054
1233, 0.209546
1234, 0.239844
1235, 0.464693
1236, 0.352945
1237, 0.928498
1238, 0.351187
1239, 0.264109
1240, 0.232741
1241, 0.441405
1242, 0.868640
1243, 0.456868
1244, 0.181867
1245, 0.423253
1246, 0.478876
1247, 0.212499
1248, 0.345537
1249, 0.419967
1250, 0.795432
1251, 0.254053
1252, 0.714391
1253, 0.195499
1254, 0.655069
1255, 0.428886
1256, 0.311507
1257, 0.219396
1258, 0.499868
1259, 0.598273
1260, 0.219325
1261, 0.327612
1262, 0.305228
1263, 0.362180
1264, 0.287096
1265, 0.599013
1266, 0.644530
1267, 0.491629
1268, 0.074028
1269, 0.300835
1270, 0.315405
1271, 0.888678
1272, 0.349171
1273, 0.971425
1274, 0.249623
1275, 0.514702
1276, 0.117204
1277, 0.327025
1278, 0.546002
1279, 0.412528
1280, 0.592137
1281, 0.990378
1282, 0.260165
1283, 0.749514
1284, 0.976072
1285, 0.186248
1286, 0.269441
1287, 0.290208
1288, 0.305944
1289, 0.756465
1290, 0.213186
1291, 0.137560
1292, 0.200593
1293, 0.124051
1294, 0.407002
1295, 0.649615
1296, 0.366404
1297, 0.130787
1298, 0.268223
1299, 0.327896
1300, 0.382212
1301, 0.195831
1302, 0.271348
1303, 0.244372
1304, 0.456722
1305, 0.563322
1306, 0.122804
1307, 0.434916
1308, 0.354361
1309, 0.389311
1310, 0.162091
1311, 0.331908
1312, 0.341478
1313, 0.236540
1314, 0.502430
1315, 0.275890
1316, 0.739504
1317, 0.127208
1318, 0.233474
1319, 0.336263
1320, 0.506092
1321, 0.302806
1322, 0.102255
1323, 0.086406
1324, 0.138079
1325, 0.541229
1326, 0.542226
1327, 0.273925
1328, 0.816103
1329, 0.262548
1330, 0.285671
1331, 0.252107
1332, 0.433544
1333, 0.391443
1334, 0.196464
1335, 0.891064
1336, 0.154574
1337, 0.335987
1338, 0.241108
1339, 0.150094
1340, 0.227220
1341, 0.135569
1342, 0.154619
1343, 0.063818
1344, 0.296655
1345, 0.546565
1346, 0.304779
1347, 0.515693
1348, 0.136019
1349, 0.387901
1350, 0.200363
1351, 0.239001
1352, 0.313822
1353, 0.526274
1354, 0.117449
1355, 0.327996
1356, 0.293156
1357, 0.655572
1358, 0.186314
1359, 0.320080
1360, 0.093770
1361, 0.372204
1362, 0.546256
1363, 0.146174
1364, 0.661548
1365, 0.356927
1366, 0.269292
1367, 0.472379
1368, 0.221935
1369, 0.815040
1370, 0.333665
1371, 0.211211
1372, 0.612497
1373, 0.240184
1374, 0.209598
1375, 0.348368
1376, 0.403101
1377, 0.504070
1378, 0.463996
1379, 0.365385
1380, 0.404913
1381, 0.400797
1382, 0.311538
1383, 0.348010
1384, 0.112743
1385, 0.524678
1386, 0.484240
1387, 0.360592
1388, 0.463874
1389, 0.795019
1390, 0.648451
1391, 0.127822
1392, 0.245525
1393, 0.743007
1394, 0.333945
1395, 0.779251
1396, 0.143396
1397, 0.752927
1398, 0.291406
1399, 0.218645
1400, 0.250956
1401, 0.609668
1402, 0.305732
1403, 0.386933
1404, 0.507337
1405, 0.369675
1406, 0.593770
1407, 0.189754
1408, 0.213706
1409, 0.184702
1410, 0.307143
1411, 0.224737
1412, 0.220948
1413, 0.324091
1414, 0.216930
1415, 0.352564
1416, 0.596809
1417, 0.972909
1418, 0.510775
1419, 0.575533
1420, 0.427471
1421, 0.256241
1422, 0.230037
1423, 0.451177
1424, 0.332025
1425, 0.935823
1426, 0.277921
1427, 0.332760
1428, 0.159655
1429, 0.350139
1430, 0.711919
1431, 0.177475
1432, 0.302760
1433, 0.123267
1434, 0.904724
1435, 0.319621
1436, 0.248203
1437, 0.275749
1438, 0.353546
1439, 0.463681
1440, 0.985954
1441, 0.616776
1442, 0.372570
1443, 0.087416
1444, 0.267931
1445, 0.192707
1446, 0.177232
1447, 0.191088
1448, 0.521719
1449, 0.498155
1450, 0.194257
1451, 0.709341
1452, 0.242434
1453, 0.360743
1454, 0.112369
1455, 0.248476
1456, 0.246250
1457, 0.363794
1458, 0.169655
1459, 0.967178
1460, 0.408466
1461, 0.431940
1462, 0.436474
1463, 0.204996
1464, 0.242890
1465, 0.363439
1466, 0.526674
1467, 0.414975
1468, 0.162046
1469, 0.197810
1470, 0.566238
1471, 0.882660
1472, 0.216799
1473, 0.458659
1474, 0.656282
1475, 0.906593
1476, 0.240135
1477, 0.507337
1478, 0.605370
1479, 0.115756
1480, 0.791796
1481, 0.601473
1482, 0.117888
1483, 0.250981
1484, 0.829406
1485, 0.725670
1486, 0.575877
1487, 0.332383
1488, 0.522333
1489, 0.290474
1490, 0.545986
1491, 0.206313
1492, 0.271770
1493, 0.233868
1494, 0.493145
1495, 0.319357
1496, 0.277653
1497, 0.349530
1498, 0.163986
1499, 0.702454
1500, 0.134351
1501, 0.384607
1502, 0.499169
1503, 0.315189
1504, 0.144286
1505, 0.181797
1506, 0.915638
1507, 0.357831
1508, 0.228996
1509, 0.361527
1510, 0.152273
1511, 0.272420
1512, 0.513885
1513, 0.420246
1514, 0.141199
1515, 0.317385
1516, 0.229222
1517, 0.506019
1518, 0.216397
1519, 0.145480
1520, 0.129933
1521, 0.313570
1522, 0.384850
1523, 0.419228
1524, 0.360163
1525, 0.539740
1526, 0.274332
1527, 0.156246
1528, 0.373208
1529, 0.060336
1530, 0.296860
1531, 0.298328
1532, 0.797681
1533, 0.447938
1534, 0.829783
1535, 0.707979
1536, 0.177777
1537, 0.493514
1538, 0.607654
1539, 0.666359
1540, 0.130879
1541, 0.349271
1542, 0.207082
1543, 0.608239
1544, 0.265486
1545, 0.167767
1546, 0.178208
1547, 0.442276
1548, 0.285117
1549, 0.340073
1550, 0.286384
1551, 0.270327
1552, 0.232407
1553, 0.223185
1554, 0.631203
1555, 0.447879
1556, 0.444651
1557, 0.194258
1558, 0.128358
1559, 0.299032
1560, 0.162899
1561, 0.411632
1562, 0.314770
1563, 0.275736
1564, 0.522922
1565, 0.352152
1566, 0.374842
1567, 0.217925
1568, 0.190490
1569, 0.207210
1570, 0.940741
1571, 0.108060
1572, 0.273803
1573, 0.112107
1574, 0.094126
1575, 0.931396
1576, 0.242255
1577, 0.153168
1578, 0.447542
1579, 0.141877
1580, 0.271285
1581, 0.414136
1582, 0.361014
1583, 0.516348
1584, 0.591515
1585, 0.266423
1586, 0.296304
1587, 0.112707
1588, 0.111583
1589, 0.264648
1590, 0.389752
1591, 0.600666
1592, 0.631295
1593, 0.477681
1594, 0.263813
1595, 0.708636
1596, 0.453703
1597, 0.134352
1598, 0.192587
1599, 0.447803
1600, 0.348587
1601, 0.550139
1602, 0.349325
1603, 0.330780
1604, 0.178388
1605, 0.240173
1606, 0.928032
1607, 0.364798
1608, 0.225508
1609, 0.689436
1610, 0.388709
1611, 0.258855
1612, 0.318309
1613, 0.987699
1614, 0.877090
1615, 0.227875
1616, 0.443387
1617, 0.425700
1618, 0.098779
1619, 0.451514
1620, 0.296274
1621, 0.122052
1622, 0.515962
1623, 0.399772
1624, 0.396286
1625, 0.093740
1626, 0.237605
1627, 0.092773
1628, 0.295478
1629, 0.352960
1630, 0.858875
1631, 0.625387
1632, 0.391851
1633, 0.675551
1634, 0.501217
1635, 0.245314
1636, 0.488755
1637, 0.206676
1638, 0.191234
1639, 0.124855
1640, 0.108140
1641, 0.299750
1642, 0.369247
1643, 0.768198
1644, 0.503911
1645, 0.446498
1646, 0.225055
1647, 0.505753
1648, 0.543689
1649, 0.519612
1650, 0.228601
1651, 0.290965
1652, 0.548032
1653, 0.285596
1654, 0.485786
1655, 0.512451
1656, 0.355416
1657, 0.584238
1658, 0.439323
1659, 0.070203
1660, 0.496335
1661, 0.962177
1662, 0.137607
1663, 0.446626
1664, 0.201477
1665, 0.417147
1666, 0.495920
1667, 0.191628
1668, 0.341044
1669, 0.909150
1670, 0.155198
1671, 0.415799
1672, 0.183837
1673, 0.340502
1674, 0.380269
1675, 0.462246
1676, 0.944575
1677, 0.303819
1678, 0.483608
1679, 0.326983
1680, 0.273048
1681, 0.438228
1682, 0.186764
1683, 0.477710
1684, 0.238224
1685, 0.290869
1686, 0.247114
1687, 0.176935
1688, 0.468906
1689, 0.440501
1690, 0.139162
1691, 0.368230
1692, 0.812116
1693, 0.781744
1694, 0.323130
1695, 0.282678
1696, 0.494187
1697, 0.311720
1698, 0.190692
1699, 0.090599
1700, 0.244990
1701, 0.399799
1702, 0.271347
1703, 0.203371
1704, 0.584786
1705, 0.169893
1706, 0.239142
1707, 0.376766
1708, 0.987699
1709, 0.495022
1710, 0.246841
1711, 0.698695
1712, 0.799055
1713, 0.283083
1714, 0.361395
1715, 0.466698
1716, 0.522381
1717, 0.279087
1718, 0.391097
1719, 0.409029
1720, 0.724518
1721, 0.520271
1722, 0.178806
1723, 0.802085
1724, 0.273241
1725, 0.052795
1726, 0.238680
1727, 0.453903
1728, 0.141217
1729, 0.288573
1730, 0.919042
1731, 0.171295
1732, 0.579291
1733, 0.235578
1734, 0.591697
1735, 0.171722
1736, 0.265161
1737, 0.766935
1738, 0.371009
1739, 0.555089
1740, 0.408610
1741, 0.145429
1742, 0.298557
1743, 0.190998
1744, 0.469412
1745, 0.195859
1746, 0.370170
1747, 0.357773
1748, 0.935996
1749, 0.988010
1750, 0.375635
1751, 0.302231
1752, 0.203434
1753, 0.236836
1754, 0.861659
1755, 0.198726
1756, 0.862059
1757, 0.374524
1758, 0.507577
1759, 0.451445
1760, 0.262776
1761, 0.425141
1762, 0.234229
1763, 0.634818
1764, 0.964484
1765, 0.350172
1766, 0.231893
1767, 0.928498
1768, 0.782854
1769, 0.162441
1770, 0.717740
1771, 0.696426
1772, 0.219948
1773, 0.255017
1774, 0.425983
1775, 0.817828
1776, 0.830501
1777, 0.253405
1778, 0.811518
1779, 0.293555
1780, 0.533783
1781, 0.322060
1782, 0.288300
1783, 0.604988
1784, 0.434499
1785, 0.548616
1786, 0.293851
1787, 0.143787
1788, 0.195579
1789, 0.205754
1790, 0.403330
1791, 0.464658
1792, 0.231231
1793, 0.139281
1794, 0.329849
1795, 0.283209
1796, 0.987323
1797, 0.151755
1798, 0.372225
1799, 0.203919
1800, 0.231991
1801, 0.152888
1802, 0.318190
1803, 0.763853
1804, 0.506127
1805, 0.260385
1806, 0.158428
1807, 0.380517
1808, 0.838765
1809, 0.306753
1810, 0.188930
1811, 0.368931
1812, 0.412891
1813, 0.537896
1814, 0.355337
1815, 0.616791
1816, 0.496593
1817, 0.210555
1818, 0.782157
1819, 0.480406
1820, 0.928498
1821, 0.252013
1822, 0.374183
1823, 0.314207
1824, 0.901726
1825, 0.314316
1826, 0.593464
1827, 0.243987
1828, 0.421922
1829, 0.413956
1830, 0.380001
1831, 0.172174
1832, 0.732601
1833, 0.263896
1834, 0.708533
1835, 0.145300
1836, 0.268042
1837, 0.252845
1838, 0.693629
1839, 0.419758
1840, 0.329563
1841, 0.412615
1842, 0.338743
1843, 0.249221
1844, 0.895900
1845, 0.096735
1846, 0.200250
1847, 0.510106
1848, 0.213516
1849, 0.540609
1850, 0.142412
1851, 0.163137
1852, 0.375744
1853, 0.303628
1854, 0.295006
1855, 0.205252
1856, 0.348126
1857, 0.734869
1858, 0.458610
1859, 0.409769
1860, 0.261701
1861, 0.352497
1862, 0.078593
1863, 0.663751
1864, 0.363287
1865, 0.351935
1866, 0.223406
1867, 0.105445
1868, 0.339765
1869, 0.531322
1870, 0.888148
1871, 0.252930
1872, 0.279660
1873, 0.656353
1874, 0.168805
1875, 0.169910
1876, 0.320655
1877, 0.266682
1878, 0.302516
1879, 0.127404
1880, 0.515073
1881, 0.225249
1882, 0.151532
1883, 0.385788
1884, 0.212163
1885, 0.965601
1886, 0.491258
1887, 0.300789
1888, 0.127816
1889, 0.416289
1890, 0.183239
1891, 0.395477
1892, 0.237551
1893, 0.219682
1894, 0.314505
1895, 0.100696
1896, 0.183143
1897, 0.581520
1898, 0.316540
1899, 0.457399
1900, 0.385443
1901, 0.213907
1902, 0.182239
1903, 0.385732
1904, 0.160692
1905, 0.351592
1906, 0.356788
1907, 0.436638
1908, 0.148131
1909, 0.116688
1910, 0.488756
1911, 0.230432
1912, 0.657656
1913, 0.776809
1914, 0.634843
1915, 0.228559
1916, 0.266138
1917, 0.904304
1918, 0.216289
1919, 0.183239
1920, 0.126673
1921, 0.845488
1922, 0.266957
1923, 0.133436
1924, 0.255759
1925, 0.144799
1926, 0.036084
1927, 0.203352
1928, 0.382862
1929, 0.289636
1930, 0.627069
1931, 0.463905
1932, 0.453087
1933, 0.482803
1934, 0.630446
1935, 0.119250
1936, 0.315852
1937, 0.147993
1938, 0.197166
1939, 0.974682
1940, 0.820237
1941, 0.498215
1942, 0.295888
1943, 0.188689
1944, 0.727494
1945, 0.183239
1946, 0.260542
1947, 0.145872
1948, 0.921387
1949, 0.295877
1950, 0.231625
1951, 0.396282
1952, 0.176459
1953, 0.546969
1954, 0.184456
1955, 0.350689
1956, 0.301854
1957, 0.396546
1958, 0.985954
1959, 0.699815
1960, 0.533238
1961, 0.334975
1962, 0.612739
1963, 0.374418
1964, 0.329374
1965, 0.545850
1966, 0.936619
1967, 0.280536
1968, 0.319287
1969, 0.547165
1970, 0.452948
1971, 0.539492
1972, 0.281149
1973, 0.338799
1974, 0.383382
1975, 0.765614
1976, 0.192693
1977, 0.149478
1978, 0.371576
1979, 0.648110
1980, 0.696206
1981, 0.155171
1982, 0.906656
1983, 0.262820
1984, 0.230591
1985, 0.154993
1986, 0.300017
1987, 0.275824
1988, 0.409737
1989, 0.577525
1990, 0.164724
1991, 0.128086
1992, 0.207838
1993, 0.255267
1994, 0.680917
1995, 0.329651
1996, 0.664227
1997, 0.214673
1998, 0.341253
1999, 0.305404
2000, 0.550805
2001, 0.471858
2002, 0.136381
2003, 0.465855
2004, 0.141895
2005, 0.174694
2006, 0.108723
2007, 0.403816
2008, 0.600531
2009, 0.688242
2010, 0.233435
2011, 0.128914
2012, 0.313754
2013, 0.737005
2014, 0.155602
2015, 0.192055
2016, 0.293209
2017, 0.299858
2018, 0.077939
2019, 0.272092
2020, 0.144665
2021, 0.314365
2022, 0.349212
2023, 0.167600
2024, 0.181609
2025, 0.319568
2026, 0.580560
2027, 0.185259
2028, 0.745453
2029, 0.387496
2030, 0.230335
2031, 0.423178
2032, 0.581366
2033, 0.069031
2034, 0.110760
2035, 0.278953
2036, 0.357845
2037, 0.676473
2038, 0.201021
2039, 0.176918
2040, 0.146235
2041, 0.197066
2042, 0.200173
2043, 0.478949
2044, 0.297029
2045, 0.372361
2046, 0.062338
2047, 0.077242
2048, 0.979841
2049, 0.298265
2050, 0.484545
2051, 0.325261
2052, 0.327612
2053, 0.196448
2054, 0.423508
2055, 0.531326
2056, 0.921946
2057, 0.374624
2058, 0.477393
2059, 0.442043
2060, 0.250308
2061, 0.173649
2062, 0.609502
2063, 0.168684
2064, 0.421373
2065, 0.110519
2066, 0.182027
2067, 0.432065
2068, 0.484389
2069, 0.430145
2070, 0.386688
2071, 0.238146
2072, 0.266287
2073, 0.193138
2074, 0.553980
2075, 0.142934
2076, 0.109189
2077, 0.235356
2078, 0.381738
2079, 0.429569
2080, 0.272926
2081, 0.540883
2082, 0.245450
2083, 0.141175
2084, 0.259457
2085, 0.233797
2086, 0.248800
2087, 0.254711
2088, 0.411059
2089, 0.233623
2090, 0.296770
2091, 0.304320
2092, 0.223195
2093, 0.139954
2094, 0.181361
2095, 0.292903
2096, 0.544032
2097, 0.404840
2098, 0.197391
2099, 0.723524
2100, 0.581818
2101, 0.459058
2102, 0.716700
2103, 0.224503
2104, 0.625098
2105, 0.785121
2106, 0.326396
2107, 0.317034
2108, 0.190094
2109, 0.248839
2110, 0.495203
2111, 0.266943
2112, 0.438540
2113, 0.987699
2114, 0.272160
2115, 0.251294
2116, 0.317285
2117, 0.362455
2118, 0.684324
2119, 0.317271
2120, 0.109575
2121, 0.369067
2122, 0.193724
2123, 0.245235
2124, 0.437293
2125, 0.253722
2126, 0.826805
2127, 0.552666
2128, 0.339409
2129, 0.300694
2130, 0.385144
2131, 0.308569
2132, 0.271511
2133, 0.170402
2134, 0.264691
2135, 0.915692
2136, 0.919369
2137, 0.295067
2138, 0.390332
2139, 0.319602
2140, 0.181797
2141, 0.607493
2142, 0.194097
2143, 0.107860
2144, 0.317603
2145, 0.240694
2146, 0.431320
2147, 0.224090
2148, 0.163694
2149, 0.351101
2150, 0.191365
2151, 0.558624
2152, 0.176822
2153, 0.259556
2154, 0.168636
2155, 0.351114
2156, 0.381992
2157, 0.302377
2158, 0.912840
2159, 0.237339
2160, 0.407084
2161, 0.103756
2162, 0.510135
2163, 0.375413
2164, 0.383978
2165, 0.417480
2166, 0.816808
2167, 0.255728
2168, 0.461743
2169, 0.357571
2170, 0.193758
2171, 0.206212
2172, 0.971425
2173, 0.164774
2174, 0.253932
2175, 0.290840
2176, 0.428359
2177, 0.063305
2178, 0.411349
2179, 0.740205
2180, 0.282814
2181, 0.133920
2182, 0.323008
2183, 0.282951
2184, 0.450477
2185, 0.678125
2186, 0.171667
2187, 0.443763
2188, 0.371268
2189, 0.219755
2190, 0.239797
2191, 0.361589
2192, 0.145735
2193, 0.355640
2194, 0.104883
2195, 0.735240
2196, 0.582570
2197, 0.591226
2198, 0.306386
2199, 0.878152
2200, 0.385308
2201, 0.398670
2202, 0.097392
2203, 0.247597
2204, 0.277738
2205, 0.827741
2206, 0.134788
2207, 0.514227
2208, 0.522936
2209, 0.225094
2210, 0.293958
2211, 0.134040
2212, 0.726274
2213, 0.606966
2214, 0.220810
2215, 0.271201
2216, 0.182757
2217, 0.222484
2218, 0.610131
2219, 0.187702
2220, 0.294558
2221, 0.097239
2222, 0.935996
2223, 0.146235
2224, 0.471015
2225, 0.413082
2226, 0.875618
2227, 0.395158
2228, 0.440445
2229, 0.297743
2230, 0.390569
2231, 0.440521
2232, 0.978130
2233, 0.158212
2234, 0.513701
2235, 0.204750
